TEXT_EMBEDDING :

TSNE :  {3: 0.9902822779302711, 4: 0.992449485255069, 5: 0.9931782700219463, 6: 0.9942558432667268}
MDS : {3: 0.9636068935511322, 4: 0.9783987721621846, 5: 0.9854140833445304, 6: 0.988175550735487}
PCA : {3: 0.9652288679450512, 4: 0.9781359931154066, 5: 0.9865526325892086, 6: 0.98928031684486}


IMG_EMBEDDING :

TSNE :   {3: 0.8325576968603439, 4: 0.8492985680557422, 5: 0.8482030635161334, 6: 0.8642857714135811, 7: 0.8693861770671376, 8: 0.874795493662463, 9: 0.8848370667536838, 10: 0.8841019316531342, 11: 0.89201107229463, 12: 0.8841695459111529}
SPECEMBED :   {3: 0.7198780480002047, 4: 0.7540665169459534, 5: 0.7793021991029554, 6: 0.799013346897774}
ISOMAP :  {3: 0.693705731616024, 4: 0.7325154999328176, 5: 0.7672158185692075, 6: 0.7895609951948609}
PCA :  {3: 0.7117321854745315, 4: 0.7523911805542226, 5: 0.7883348209429846, 6: 0.8162385550031672, 7: 0.8352792867151659, 8: 0.8577400490111395, 9: 0.8794009251972282, 10: 0.891687109302519, 11: 0.904459165914864, 12: 0.914345931627541}